162,1023
165,707
169,427
173,257
176,551
180,1023
183,989
187,626
190,377
193,227
197,860
200,1023
203,926
207,567
210,341
215,208
218,966
221,1023
225,815
228,492
232,296
235,327
238,1023
242,1023
245,745
249,449
252,270
256,507
260,1023
263,1007
267,628
270,378
273,228
277,834
280,1023
284,913
287,559
290,335
294,207
297,985
301,1023
305,819
308,494
312,297
315,280
318,1023
322,1023
326,731
329,441
332,265
335,548
339,1023
343,1000
347,618
350,372
354,224
357,874
360,1023
364,887
368,541
371,324
374,258
377,1023
381,1023
386,793
389,478
392,288
396,516
399,1023
403,1023
406,671
410,404
413,244
416,718
420,1023
423,907
428,559
431,335
434,203
438,938
441,1023
445,811
448,490
452,295
455,337
458,1023
462,1023
465,741
470,447
473,269
476,734
480,1023
483,1023
487,651
490,392
494,236
497,928
500,1023
504,903
507,550
512,330
515,205
518,1012
522,1023
525,768
529,463
532,278
535,402
539,1023
542,1023
546,691
549,416
552,251
557,929
560,1023
564,1023
567,629
571,379
574,240
577,1023
581,1023
585,865
588,522
591,314
595,308
599,1023
602,1023
606,724
609,437
613,263
616,563
619,1023
623,992
627,625
630,376
633,237
637,962
641,1023
644,934
648,569
651,342
655,255
658,1023
661,1023
665,811
669,489
672,294
675,482
679,1023
683,1023
687,691
690,416
693,252
697,782
700,1023
704,980
707,606
710,365
714,225
717,956
720,1023
724,856
728,518
732,311
735,324
738,1023
742,1023
746,778
749,469
752,282
756,643
759,1023
763,1023
766,667
770,402
774,242
777,826
780,1023
784,910
788,556
791,334
794,249
798,1023
801,1023
805,806
808,487
813,292
816,398
819,1023
823,1023
826,696
830,420
833,253
836,652
840,1023
843,961
847,597
850,359
854,219
858,989
861,1023
865,886
868,537
871,322
875,216
878,1023
882,1023
885,751
889,453
892,272
896,509
900,1023
903,1023
907,664
910,400
913,241
917,827
920,1023
924,938
927,575
931,345
934,208
937,976
942,1023
945,814
949,491
952,295
955,235
959,1023
962,1023
966,703
969,424
972,255
976,520
979,1023
984,1003
987,623
990,375
994,229
997,967
1000,1023
1004,882
1008,507
1012,290
1016,536
1019,1023
1024,933
1028,545
1032,311
1035,212
1039,1023
1043,999
1047,611
1050,350
1054,255
1058,1023
1061,1023
1065,726
1070,416
1074,238
1077,945
1081,1023
1085,816
1089,468
1092,268
1096,820
1100,1023
1104,935
1108,540
1112,309
1116,328
1119,1023
1123,977
1127,585
1131,334
1134,205
1138,1023
1142,1023
1146,654
1150,374
1154,232
1158,1023
1162,1023
1166,770
1169,442
1173,253
1177,950
1180,1023
1184,860
1188,494
1192,282
1197,678
1200,1023
1204,943
1208,547
1212,312
1215,377
1219,1023
1223,1023
1227,610
1230,349
1234,304
1239,1023
1243,1023
1247,710
1250,407
1254,241
1257,1023
1261,1023
1265,777
1269,445
1273,255
1276,895
1281,1023
1285,884
1289,508
1292,290
1296,707
1300,1023
1304,994
1307,581
1311,331
1315,362
1318,1023
1323,1023
1327,635
1331,364
1335,217
1338,1023
1342,1023
1346,688
1350,395
1353,226
1357,1003
1361,1023
1366,786
1370,450
1373,258
1377,844
1380,1023
1384,878
1388,505
1392,288
1396,532
1399,1023
1403,953
1408,557
1412,318
1415,388
1419,1023
1423,1023
1427,647
1430,370
1434,213
1438,1023
1442,1023
1446,697
1449,399
1454,228
1458,921
1461,1023
1465,788
1469,452
1473,258
1476,675
1480,1023
1484,876
1488,504
1491,288
1496,335
1500,1023
1504,966
1507,574
1511,328
1515,274
1518,1023
1522,1023
1526,688
1530,394
1533,226
1538,970
1542,1023
1546,755
1549,433
1553,247
1557,677
1560,1023
1564,833
1568,478
1572,273
1575,466
1580,1023
1584,960
1588,565
1591,323
1595,247
1599,1023
1602,1023
1606,640
1610,366
1614,210
1617,1023
1622,1023
1626,728
1630,417
1634,238
1637,777
1641,1023
1645,787
1649,452
1652,258
1656,548
1660,1023
1665,887
1668,515
1672,294
1676,315
1679,1023
1683,1000
1687,587
1691,335
1694,200
1698,1023
1702,1023
1707,659
1711,378
1714,222
1718,1023
1722,1023
1726,777
1729,445
1733,255
1737,730
1740,1023
1744,827
1748,475
1753,271
1756,526
1760,1023
1764,935
1768,547
1771,312
1775,368
1779,1023
1783,1023
1787,636
1790,364
1795,210
1799,1023
1802,1023
1806,683
1810,392
1814,227
1817,1008
1821,1023
1825,784
1829,449
1833,257
1837,760
1841,1023
1845,849
1849,487
1852,279
1856,506
1860,1023
1864,940
1867,551
1871,315
1875,277
1879,1023
1883,1023
1887,623
1891,356
1895,230
1898,1023
1902,1023
1906,737
1910,422
1913,262
1917,1023
1922,1023
1926,806
1930,462
1933,264
1937,844
1941,1023
1944,884
1948,508
1952,290
1956,509
1959,1023
1964,951
1968,557
1972,318
1975,268
1979,1023
1983,1023
1987,630
1990,360
1994,211
1998,1023
2002,1023
2007,716
2010,410
2014,235
2018,987
2021,1023
2025,815
2029,467
2033,267
2036,685
2040,1023
2044,885
2049,511
2052,292
2056,354
2060,1023
2064,976
2067,581
2071,333
2075,231
2078,1023
2082,1023
2086,663
2091,380
2094,218
2098,958
2102,1023
2106,760
2109,436
2113,249
2117,698
2120,1023
2124,851
2128,489
2132,279
2136,466
2140,1023
2144,968
2148,573
2151,327
2155,211
2159,1023
2162,1023
2166,643
2170,368
2174,211
2178,986
2182,1023
2186,738
2190,423
2193,242
2197,756
2201,1023
2205,830
2208,476
2212,272
2216,510
2220,1023
2224,922
2228,539
2232,308
2236,257
2239,1023
2243,1023
2247,610
2251,349
2254,202
2258,1023
2263,1023
2267,690
2270,396
2274,226
2278,912
2281,1023
2285,793
2289,455
2293,260
2296,603
2300,1023
2305,872
2309,506
2312,289
2316,284
2320,1023
2324,964
2327,580
2331,332
2335,197
2338,1023
2342,1023
2347,665
2351,380
2354,218
2358,953
2362,1023
2366,776
2369,445
2373,255
2377,675
2380,1023
2384,858
2388,497
2393,283
2396,421
2400,1023
2404,968
2408,579
2411,331
2415,216
2419,1023
2423,1023
2426,653
2430,373
2435,223
2438,1023
2442,1023
2446,747
2450,428
2454,245
2457,815
2461,1023
2465,829
2469,476
2472,272
2477,588
2481,1023
2485,923
2488,541
2492,308
2496,292
2499,1023
2503,1013
2507,605
2511,346
2514,215
2519,1023
2523,1023
2527,693
2531,397
2534,229
2538,985
2542,1023
2546,782
2549,448
2553,256
2557,706
2561,1023
2565,849
2569,491
2573,280
2576,467
2580,1023
2584,959
2588,573
2591,327
2595,225
2599,1023
2603,1023
2607,645
2611,369
2615,211
2618,1023
2622,1023
2626,740
2630,424
2634,243
2637,819
2641,1023
2646,814
2650,468
2653,268
2657,638
2661,1023
2665,918
2668,537
2672,307
2676,396
2679,1023
2683,1023
2688,612
2692,350
2695,205
2699,1023
2703,1023
2707,668
2711,382
2714,223
2718,1019
2722,1023
2726,781
2729,447
2734,256
2738,827
2741,1023
2745,868
2749,501
2753,287
2756,493
2760,1023
2764,946
2768,565
2771,322
2776,253
2780,1023
2783,1023
2787,646
2791,369
2795,212
2798,975
2802,1023
2806,730
2810,418
2813,240
2818,777
2822,1023
2826,821
2829,473
2833,271
2837,594
2840,1023
2844,924
2848,545
2852,311
2856,324
2860,1023
2864,1023
2868,616
2872,352
2875,211
2879,1023
2883,1023
2887,686
2890,393
2894,225
2898,914
2902,1023
2906,789
2910,454
2914,259
2917,694
2921,1023
2925,885
2929,516
2932,295
2936,448
2940,1023
2945,988
2948,600
2952,343
2956,224
2959,1023
2963,1023
2967,680
2971,390
2974,225
2978,971
2982,1023
2987,779
2990,447
2994,255
2998,840
3001,1023
3005,891
3009,517
3013,296
3016,508
3020,1023
3024,967
3028,582
3032,333
3036,221
3040,1023
3043,1023
3047,655
3051,375
3055,215
3058,1010
3062,1023
3066,742
3070,425
3075,243
3078,826
3082,1023
3086,823
3090,475
3093,272
3097,628
3101,1023
3105,916
3108,541
3112,309
3117,367
3120,1023
3124,1018
3128,616
3132,351
3135,215
3139,1023
3143,1023
3147,687
3151,394
3154,228
3159,991
3163,1023
3166,802
3170,461
3174,264
3177,764
3181,1023
3185,887
3189,519
3193,296
3196,519
3201,1023
3205,973
3209,586
3212,335
3216,250
3220,1023
3223,1023
3227,657
3231,376
3235,218
3238,1023
3243,1023
3247,745
3251,427
3254,245
3258,907
3262,1023
3266,835
3270,482
3273,275
3277,655
3281,1023
3286,908
3289,536
3293,306
3297,366
3300,1023
3304,998
3308,619
3312,353
3315,223
3319,1023
3323,1023
3328,704
3331,404
3335,231
3339,976
3342,1023
3346,797
3350,458
3354,262
3357,815
3361,1023
3365,888
3369,519
3374,296
3377,509
3381,1023
3385,970
3388,591
3392,337
3396,222
3399,1023
3403,1023
3407,662
3411,379
3416,223
3419,1023
3423,1023
3427,760
3431,436
3434,249
3438,883
3442,1023
3446,845
3449,489
3453,280
3458,676
3461,1023
3465,930
3469,552
3473,316
3476,326
3480,1023
3484,1003
3488,612
3492,349
3495,261
3500,1023
3504,1023
3508,713
3511,408
3515,236
3519,1023
3522,1023
3526,797
3530,457
3534,262
3538,892
3542,1023
3546,864
3550,501
3554,287
3557,624
3561,1023
3565,933
3569,556
3572,318
3576,304
3580,1023
3585,1013
3589,622
3592,355
3596,259
3599,1023
3603,1023
3607,717
3611,410
3615,235
3618,1023
3622,1023
3627,796
3631,457
3635,261
3638,806
3642,1023
3646,855
3650,498
3653,285
3657,585
3661,1023
3665,942
3668,565
3673,323
3677,347
3680,1023
3684,1023
3688,645
3692,368
3695,247
3699,1023
3703,1023
3707,738
3712,422
3715,242
3719,976
3723,1023
3727,813
3730,468
3734,268
3738,768
3741,1023
3745,891
3749,523
3753,299
3757,562
3761,1023
3765,987
3769,599
3772,342
3776,264
3780,1023
3784,1023
3788,665
3791,381
3795,218
3800,1006
3803,1023
3807,739
3811,424
3815,243
3818,921
3822,1023
3826,843
3830,487
3833,279
3837,723
3842,1023
3846,928
3850,550
3853,314
3857,411
3860,1023
3864,1010
3868,614
3872,351
3876,245
3879,1023
3884,1023
3888,698
3892,400
3895,229
3899,1023
3903,1023
3907,786
3910,451
3914,258
3918,834
3921,1023
3926,861
3930,501
3934,287
3938,667
3941,1023
3945,962
3949,576
3953,330
3956,420
3960,1023
3964,1023
3969,653
3972,373
3976,229
3980,1023
3984,1023
3988,722
3991,414
3995,237
3998,975
4002,1023
4006,808
4011,465
4015,266
4018,860
4022,1023
4026,912
4030,535
4033,306
4037,640
4041,1023
4045,997
4048,603
4052,344
4057,300
4060,1023
4064,1023
4068,665
4072,381
4076,219
4079,1023
4083,1023
4087,738
4091,423
4094,242
4099,896
4103,1023
4107,825
4110,477
4114,273
4118,848
4121,1023
4125,953
4129,563
4133,322
4136,469
4141,1023
4145,1013
4149,611
4153,349
4156,222
4160,1023
4164,1023
4168,678
4171,388
4175,223
4179,1015
4183,1023
4187,770
4191,442
4195,253
4198,912
4202,1023
4206,873
4210,507
4213,290
4217,761
4221,1023
4226,974
4230,580
4233,332
4237,450
4241,1023
4244,1023
4248,644
4252,368
4256,265
4259,1023
4263,1023
4268,715
4272,409
4275,234
4279,997
4283,1023
4287,800
4291,460
4294,263
4298,824
4301,1023
4305,886
4310,518
4314,296
4318,628
4321,1023
4325,983
4329,591
4333,338
4336,321
4340,1023
4344,1023
4348,658
4352,377
4356,228
4360,1023
4364,1023
4368,743
4371,426
4375,244
4379,969
4382,1023
4386,831
4390,478
4395,274
4398,789
4402,1023
4406,919
4410,540
4413,309
4417,509
4421,1023
4425,992
4428,604
4432,345
4436,263
4440,1023
4444,1023
4448,679
4452,389
4456,223
4459,1023
4463,1023
4467,767
4471,440
4474,252
4478,950
4483,1023
4487,864
4490,499
4494,286
4498,726
4501,1023
4505,944
4509,559
4513,320
4516,414
4520,1023
4525,1023
4529,622
4533,356
4536,276
4540,1023
4544,1023
4548,711
4551,407
4555,238
4559,1021
4562,1023
4567,789
4571,453
4575,259
4578,866
4582,1023
4586,878
4590,511
4594,291
4597,577
4601,1023
4605,946
4610,565
4613,323
4617,354
4621,1023
4624,1023
4628,646
4632,369
4636,229
4639,1023
4643,1023
4647,725
4652,415
4655,238
4659,1014
4663,1023
4667,803
4671,461
4674,264
4678,792
4682,1023
4686,869
4689,506
4694,289
4698,539
4701,1023
4705,948
4709,568
4713,325
4717,375
4720,1023
4724,1023
4728,662
4732,379
4736,234
4740,1023
4744,1023
4748,739
4751,423
4755,243
4759,970
4762,1023
4766,820
4770,471
4774,270
4777,783
4782,1023
4786,909
4790,532
4794,304
4797,499
4801,1023
4805,982
4809,595
4812,340
4816,266
4820,1023
4824,1023
4828,671
4832,385
4836,226
4839,1023
4843,1023
4847,756
4851,434
4855,248
4858,931
4862,1023
4867,849
4871,490
4874,280
4878,738
4882,1023
4886,940
4889,554
4893,317
4897,446
4900,1023
4904,1023
4909,618
4913,353
4916,257
4920,1023
4924,1023
4928,696
4932,398
4935,230
4939,1019
4943,1023
4947,778
4951,446
4955,255
4959,884
4962,1023
4966,875
4970,507
4974,290
4977,593
4981,1023
4985,943
4989,561
4993,320
4997,309
5001,1023
5005,1023
5009,630
5012,361
5016,261
5020,1023
5023,1023
5027,728
5031,417
5036,239
5039,978
5043,1023
5047,803
5051,461
5054,264
5058,749
5062,1023
5066,876
5070,511
5073,292
5078,578
5081,1023
5085,984
5089,591
5093,337
5097,275
5100,1023
5104,1023
5108,654
5112,374
5115,222
5120,1023
5124,1023
5128,742
5131,425
5135,243
5139,939
5142,1023
5146,833
5150,479
5154,275
5158,703
5161,1023
5166,908
5170,533
5174,305
5177,436
5181,1023
5185,1005
5189,601
5192,343
5196,259
5200,1023
5204,1023
5209,685
5212,392
5216,228
5219,1023
5223,1023
5227,768
5231,440
5235,252
5238,850
5242,1023
5246,846
5251,489
5254,280
5258,574
5262,1023
5266,919
5269,545
5273,311
5277,347
5280,1023
5284,1023
5288,623
5293,356
5296,219
5300,1023
5304,1023
5308,701
5312,402
5315,230
5319,991
5323,1023
5327,794
5330,455
5335,261
5339,754
5342,1023
5346,863
5350,503
5354,287
5357,511
5361,1023
5365,965
5369,584
5372,334
5377,282
5381,1023
5384,1023
5388,671
5392,384
5396,220
5399,1023
5403,1023
5407,747
5411,428
5415,245
5419,852
5423,1023
5427,825
5431,477
5434,272
5438,720
5442,1023
5446,934
5449,551
5453,315
5457,394
5460,1023
5465,1011
5469,610
5473,349
5476,224
5480,1023
5484,1023
5488,686
5492,393
5495,225
5499,1023
5504,1023
5508,783
5511,449
5515,257
5519,838
5522,1023
5526,863
5530,501
5534,286
5537,599
5541,1023
5545,942
5550,562
5554,321
5557,352
5561,1023
5565,1023
5569,639
5572,366
5576,238
5580,1023
5583,1023
5587,718
5592,412
5596,236
5599,924
5603,1023
5607,808
5611,465
5614,266
5618,773
5622,1023
5626,917
5629,538
5634,308
5638,508
5641,1023
5645,997
5649,605
5653,345
5656,233
5660,1023
5664,1023
5668,668
5672,383
5676,220
5680,1023
5684,1023
5688,757
5691,433
5695,248
5699,886
5702,1023
5706,845
5710,489
5714,279
5718,629
5722,1023
5726,921
5730,546
5733,312
5737,449
5741,1023
5745,1023
5749,630
5752,360
5756,211
5761,1023
5764,1023
5768,686
5772,393
5776,225
5779,983
5783,1023
5787,801
5791,460
5794,263
5798,805
5803,1023
5807,897
5810,524
5814,300
5818,502
5821,1023
5825,981
5829,598
5833,341
5836,230
5840,1023
5844,1023
5849,673
5852,385
5856,221
5860,1005
5863,1023
5867,755
5871,433
5875,248
5878,822
5882,1023
5886,835
5891,483
5895,276
5898,644
5902,1023
5906,930
5910,553
5913,316
5917,356
5921,1023
5924,1019
5928,622
5933,355
5937,224
5940,1023
5944,1023
5948,698
5952,400
5955,229
5959,941
5963,1023
5967,796
5970,458
5975,262
5979,750
5982,1023
5986,892
5990,525
5994,299
5997,537
6001,1023
6005,983
6009,596
6013,341
6017,223
6021,1023
6025,1023
6029,658
6032,377
6036,218
6040,1023
6043,1023
6047,749
6051,429
6055,246
6059,872
6063,1023
6067,827
6071,478
6075,274
6078,662
6082,1023
6086,911
6090,541
6093,309
6097,467
6102,1023
6105,1023
6109,622
6113,355
6117,212
6120,1023
6124,1023
6128,681
6132,390
6135,224
6139,974
6144,1023
6148,787
6151,453
6155,259
6159,826
6162,1023
6166,888
6170,520
6174,297
6177,535
6181,1023
6185,953
6190,576
6194,329
6197,250
6201,1023
6205,1023
6209,649
6212,372
6216,216
6220,1023
6223,1023
6227,733
6232,420
6236,243
6239,1019
6243,1023
6247,829
6251,477
6255,273
6258,798
6262,1023
6266,891
6270,524
6274,299
6278,538
6282,1023
6286,968
6290,587
6293,335
6297,323
6300,1023
6304,1023
6308,671
6312,384
6317,220
6320,1019
6324,1023
6328,735
6332,421
6335,241
6339,970
6343,1023
6347,845
6350,489
6354,280
6359,735
6362,1023
6366,915
6370,542
6374,309
6378,435
6381,1023
6385,999
6389,621
6392,354
6396,235
6401,1023
6405,1023
6409,706
6412,404
6416,232
6420,962
6423,1023
6427,798
6431,459
6434,263
6438,787
6443,1023
6447,890
6451,523
6454,299
6458,503
6462,1023
6465,976
6469,600
6473,342
6476,222
6480,1023
6484,1023
6489,677
6493,388
6496,222
6500,1023
6504,1023
6508,771
6511,443
6515,254
6519,872
6522,1023
6526,851
6531,495
6535,283
6538,654
6542,1023
6546,931
6550,556
6554,318
6557,424
6561,1023
6565,1023
6569,635
6573,363
6577,221
6581,1023
6584,1023
6588,705
6592,404
6596,231
6599,1008
6603,1023
6607,800
6611,459
6615,263
6619,809
6623,1023
6627,872
6631,511
6634,292
6638,622
6642,1023
6645,968
6649,585
6653,334
6658,343
6661,1023
6665,1023
6669,659
6673,377
6676,218
6680,1023
6684,1023
6688,726
6691,416
6695,238
6700,962
6703,1023
6707,825
6711,476
6715,273
6719,750
6722,1023
6726,901
6730,532
6734,305
6737,531
6742,1023
6746,988
6750,606
6753,346
6757,287
6761,1023
6765,1023
6769,686
6772,392
6776,225
6779,1023
6784,1023
6788,756
6792,433
6796,248
6799,946
6803,1023
6807,861
6811,500
6814,286
6818,680
6822,1023
6827,924
6830,552
6834,315
6838,434
6841,1023
6845,1023
6849,626
6853,358
6857,237
6860,1023
6864,1023
6868,706
6873,404
6876,232
6880,987
6884,1023
6888,801
6891,461
6895,264
6899,803
6902,1023
6906,891
6910,524
6915,300
6918,545
6922,1023
6926,965
6930,587
6933,336
6937,305
6941,1023
6945,1023
6949,670
6952,383
6957,223
6960,1023
6964,1023
6968,750
6972,430
6976,246
6979,924
6983,1023
6987,832
6991,482
6994,276
6999,834
7003,1023
7007,941
7010,558
7014,319
7018,495
7021,1023
7025,1010
7029,613
7033,350
7036,247
7041,1023
7045,1023
7049,690
7053,395
7056,247
7060,1023
7064,1023
7068,795
7071,456
7075,261
7079,900
7083,1023
7087,860
7091,500
7095,286
7098,677
7102,1023
7106,938
7110,562
7114,321
7117,383
7121,1023
7126,1023
7130,629
7133,360
7137,285
7141,1023
7144,1023
7148,728
7152,417
7156,240
7159,1023
7163,1023
7168,807
7172,463
7176,265
7179,883
7183,1023
7187,863
7191,502
7194,287
7198,664
7202,1023
7206,946
7211,567
7214,323
7218,369
7221,1023
7225,1023
7229,633
7233,362
7237,226
7240,1023
7244,1023
7248,713
7252,409
7256,235
7260,1023
7264,1023
7268,803
7272,461
7275,264
7279,855
7283,1023
7287,866
7290,505
7294,289
7299,649
7302,1023
7306,954
7310,574
7314,327
7317,376
7321,1023
7325,1023
7329,644
7333,369
7336,243
7341,1023
7345,1023
7349,736
7352,422
7356,241
7360,990
7363,1023
7367,811
7371,466
7375,267
7378,791
7383,1023
7387,889
7391,522
7394,299
7398,498
7402,1023
7406,972
7409,596
7413,341
7417,295
7420,1023
7425,1023
7429,693
7433,397
7436,229
7440,1023
7444,1023
7448,773
7452,442
7455,254
7459,880
7463,1023
7468,847
7471,492
7475,281
7479,677
7482,1023
7486,932
7490,556
7494,317
7497,483
7501,1023
7505,1023
7510,624
7514,356
7517,263
7521,1023
7525,1023
7529,693
7532,396
7536,228
7540,1023
7544,1023
7548,774
7552,444
7556,255
7559,964
7563,1023
7567,882
7571,513
7575,293
7578,688
7582,1023
7586,945
7590,564
7593,322
7598,373
7602,1023
7605,1023
7609,628
7613,359
7617,228
7620,1023
7624,1023
7628,707
7632,405
7636,235
7640,1023
7644,1023
7648,791
7652,453
7655,260
7659,909
7663,1023
7667,874
7671,509
7674,291
7678,717
7683,1023
7687,964
7690,576
7694,329
7698,303
7701,1023
7705,1016
7709,624
7713,357
7716,221
7720,1023
7725,1023
7729,713
7733,409
7736,234
7740,975
7743,1023
7747,799
7751,460
7755,263
7759,839
7762,1023
7767,897
7771,525
7775,301
7778,618
7782,1023
7786,982
7790,593
7793,338
7797,275
7801,1023
7805,1023
7810,656
7813,375
7817,224
7820,1023
7824,1023
7828,742
7832,425
7836,243
7839,955
7843,1023
7847,832
7852,481
7855,275
7859,730
7863,1023
7867,908
7870,536
7874,306
7878,530
7881,1023
7885,1003
7889,598
7894,341
7898,253
7901,1023
7905,1023
7909,662
7913,378
7916,231
7920,1023
7924,1023
7928,749
7932,430
7936,246
7940,944
7944,1023
7948,843
7951,488
7955,279
7959,725
7962,1023
7966,921
7970,545
7974,312
7977,486
7982,1023
7986,1020
7990,616
7994,352
7997,214
8001,1023
8005,1023
8009,679
8012,389
8016,226
8020,1023
8024,1023
8028,790
8032,452
8036,259
8039,918
8043,1023
8047,873
8051,507
8054,290
8058,612
8062,1023
8067,932
8071,558
8074,319
8078,383
8081,1023
8085,1023
8089,637
8093,364
8097,252
8100,1023
8104,1023
8109,725
8113,415
8116,238
8120,952
8124,1023
8128,809
8131,467
8135,267
8139,720
8142,1023
8146,890
8151,524
8155,300
8158,525
8162,1023
8166,990
8170,603
8173,345
8177,299
8181,1023
8185,1023
8189,684
8193,391
8197,225
8201,1023
8204,1023
8208,760
8212,435
8216,249
8219,962
8223,1023
8227,861
8231,499
8235,285
8239,681
8243,1023
8247,923
8251,549
8254,313
8258,373
8261,1023
8265,1006
8269,613
8273,350
8278,262
8281,1023
8285,1023
8289,705
8293,405
8296,232
8300,1023
8304,1023
8308,789
8311,453
8315,260
8320,822
8323,1023
8327,864
8331,504
8335,288
8339,664
8342,1023
8346,966
8350,580
8354,331
8357,324
8361,1023
8366,1023
8370,642
8373,367
8377,242
8381,1023
8385,1023
8388,733
8392,420
